736
41
0
0
0
0
0
0
0
0
0
0
0
0
0
0
0
0
0
0
0
0
0
0
0
0
0
0
0
0
0
0
0
0
0
0
0
0
0
0
0
0
0
0
0
0
0
0
0
0
0
0
0
0
0
0
0
0
0
0
0
0
0
0
0
0
0
0
0
0
0
0
0
0
0
0
0
0
0
0
0
0
0
0
0
0
0
0
0
0
0
0
0
0
0
0
0
0
0
0
0
0
0
0
0
0
0
0
0
0
0
0
0
0
0
0
0
0
0
0
0
0
0
0
0
0
0
0
0
0
0
0
0
0
0
0
0
0
0
0
0
0
0
0
0
0
0
0
0
0
0
0
0
0
0
0
0
0
0
0
0
0
0
0
0
0
0
0
0
0
0
0
0
0
0
0
0
0
0
0
0
0
0
0
0
0
0
0
0
0
0
0
0
0
0
0
0
0
0
0
0
0
0
0
0
0
0
0
0
0
0
0
0
0
0
0
0
0
0
0
0
0
0
0
0
0
0
0
0
0
0
0
0
0
0
0
0
0
0
0
0
0
0
0
0
0
0
0
0
0
0
0
0
0
0
0
0
0
0
0
0
0
0
0
0
0
0
0
0
0
0
0
0
0
0
0
0
0
0
0
0
0
0
0
0
0
0
0
0
0
0
0
0
0
0
0
0
0
0
0
0
0
0
0
0
0
0
0
0
0
0
0
0
0
0
0
0
0
0
0
0
0
0
0
0
0
0
0
0
1
2
2
2
2
2
2
2
2
2
2
2
2
2
2
2
2
2
2
2
2
2
2
2
2
2
2
3
4
5
6
7
7
7
7
7
7
8
8
8
8
8
8
8
8
8
8
8
8
8
8
9
9
9
9
9
9
9
10
11
12
12
12
12
13
14
15
15
15
15
15
15
15
15
15
15
15
15
15
15
16
17
17
17
17
17
17
17
18
19
20
20
20
20
21
22
22
22
22
22
22
22
22
22
22
22
22
22
23
24
24
24
24
24
24
24
25
26
26
27
28
29
29
29
29
29
29
29
29
29
29
29
29
29
29
29
30
31
32
32
32
32
32
32
33
34
34
35
36
36
36
36
36
36
36
36
36
36
36
36
36
36
36
36
37
37
38
39
39
39
39
39
40
40
40
41
41
41
41
41
41
41
41
41
41
41
41
41
41
41
41
41
41
41
41
41
41
41
41
41
41
41
41
41
41
41
41
41
41
41
41
41
41
41
41
41
41
41
41
41
41
41
41
41
41
41
41
41
41
41
41
41
41
41
41
41
41
41
41
41
41
41
41
41
41
41
41
41
41
41
41
41
41
41
41
41
41
41
41
41
41
41
41
41
41
41
41
41
41
41
41
41
41
41
41
41
41
41
41
41
41
41
41
41
41
41
41
41
41
41
41
41
41
41
41
41
41
41
41
41
41
41
41
41
41
41
41
41
41
41
41
41
41
41
41
41
41
41
41
41
41
41
41
41
41
41
41
41
41
41
41
41
41
41
41
41
41
41
41
41
41
41
41
41
41
41
41
41
41
41
41
41
41
41
41
41
41
41
41
41
41
41
41
41
41
41
41
41
41
41
41
41
41
41
41
41
41
41
41
41
41
41
41
41
41
41
41
41
41
41
41
41
41
41
41
41
41
41
41
41
41
41
41
41
41
41
41
41
41
41
6
4
5
2
3
13
12
1
18
11
20
19
0
9
7
27
29
16
28
24
8
14
34
35
23
31
10
22
15
38
39
36
30
32
17
21
40
33
37
26
25
3.0811367461745633e+01
2.5288247384934323e+01
3.0024977944231569e+01
2.0413120036373122e+01
2.2060555204134367e+01
2.6107543588040119e+01
2.3039638328084060e+01
2.4805589975490452e+01
2.9740578470662108e+01
1.9521343419389993e+01
2.4922211284758589e+01
2.3731357294154094e+01
2.3594936478952672e+01
2.9154600133036993e+01
2.6116351306339777e+01
3.1065273262372553e+01
3.4318647685579734e+01
2.5386791950979884e+01
2.7196862186228302e+01
2.8687649992732243e+01
2.0374827014533750e+01
2.4403390131305724e+01
2.9745346009906513e+01
2.5475817065195933e+01
2.4629870208902858e+01
2.5336114734283825e+01
2.1640114362588942e+01
3.6222680882066214e+01
2.2715350641160601e+01
2.8896485005242869e+01
3.0238224471833259e+01
2.7006474727443123e+01
2.4184827590374955e+01
2.8616705337981827e+01
2.1993837220387512e+01
2.3734879294572348e+01
2.6983131953812975e+01
2.8543222624918617e+01
2.3555133842582681e+01
2.2175658483978761e+01
2.1182488555978832e+01
