736
41
0
0
0
0
0
0
0
0
0
0
0
0
0
0
0
0
0
0
0
0
0
0
0
0
0
0
0
0
0
0
0
0
0
0
0
0
0
0
0
0
0
0
0
0
0
0
0
0
0
0
0
0
0
0
0
0
0
0
0
0
0
0
0
0
0
0
0
0
0
0
0
0
0
0
0
0
0
0
0
0
0
0
0
0
0
0
0
0
0
0
0
0
0
0
0
0
0
0
0
0
0
0
0
0
0
0
0
0
0
0
0
0
0
0
0
0
0
0
0
0
0
0
0
0
0
0
0
0
0
0
0
0
0
0
0
0
0
0
0
0
0
0
0
0
0
0
0
0
0
0
0
0
0
0
0
0
0
0
0
0
0
0
0
0
0
0
0
0
0
0
0
0
0
0
0
0
0
0
0
0
0
0
0
0
0
0
0
0
0
0
0
0
0
0
0
0
0
0
0
0
0
0
0
0
0
0
0
0
0
0
0
0
0
0
0
0
0
0
0
0
0
0
0
0
0
0
0
0
0
0
0
0
0
0
0
0
0
0
0
0
0
0
0
0
0
0
0
0
0
0
0
0
0
0
0
0
0
0
0
0
0
0
0
0
0
0
0
0
0
0
0
0
0
0
0
0
0
0
0
0
0
0
0
0
0
0
0
0
0
0
0
0
0
0
0
0
0
0
0
0
0
0
0
0
0
0
0
0
0
0
0
0
0
0
0
0
0
0
0
0
0
0
0
0
0
0
0
1
2
2
2
2
2
2
2
2
2
2
2
2
2
2
2
2
2
2
2
2
2
2
2
2
2
2
3
4
5
6
7
7
7
7
7
7
8
8
8
8
8
8
8
8
8
8
8
8
8
8
9
9
9
9
9
9
9
10
11
12
12
12
12
13
14
15
15
15
15
15
15
15
15
15
15
15
15
15
15
16
17
17
17
17
17
17
17
18
19
20
20
20
20
21
22
22
22
22
22
22
22
22
22
22
22
22
22
23
24
24
24
24
24
24
24
25
26
26
27
28
29
29
29
29
29
29
29
29
29
29
29
29
29
29
29
30
31
32
32
32
32
32
32
33
34
34
35
36
36
36
36
36
36
36
36
36
36
36
36
36
36
36
36
37
37
38
39
39
39
39
39
40
40
40
41
41
41
41
41
41
41
41
41
41
41
41
41
41
41
41
41
41
41
41
41
41
41
41
41
41
41
41
41
41
41
41
41
41
41
41
41
41
41
41
41
41
41
41
41
41
41
41
41
41
41
41
41
41
41
41
41
41
41
41
41
41
41
41
41
41
41
41
41
41
41
41
41
41
41
41
41
41
41
41
41
41
41
41
41
41
41
41
41
41
41
41
41
41
41
41
41
41
41
41
41
41
41
41
41
41
41
41
41
41
41
41
41
41
41
41
41
41
41
41
41
41
41
41
41
41
41
41
41
41
41
41
41
41
41
41
41
41
41
41
41
41
41
41
41
41
41
41
41
41
41
41
41
41
41
41
41
41
41
41
41
41
41
41
41
41
41
41
41
41
41
41
41
41
41
41
41
41
41
41
41
41
41
41
41
41
41
41
41
41
41
41
41
41
41
41
41
41
41
41
41
41
41
41
41
41
41
41
41
41
41
41
41
41
41
41
41
41
41
41
41
41
41
41
41
41
41
41
41
41
41
41
41
41
41
6
4
5
2
3
13
12
1
18
11
20
19
0
9
7
27
29
16
28
24
8
14
34
35
23
31
10
22
15
38
39
36
30
32
17
21
40
33
37
26
25
30.811367461745633
25.288247384934323
30.024977944231569
20.413120036373122
22.060555204134367
26.107543588040119
23.03963832808406
24.805589975490452
29.740578470662108
19.521343419389993
24.922211284758589
23.731357294154094
23.594936478952672
29.154600133036993
26.116351306339777
31.065273262372553
34.318647685579734
25.386791950979884
27.196862186228302
28.687649992732243
20.37482701453375
24.403390131305724
29.745346009906513
25.475817065195933
24.629870208902858
25.336114734283825
21.640114362588942
36.222680882066214
22.715350641160601
28.896485005242869
30.238224471833259
27.006474727443123
24.184827590374955
28.616705337981827
21.993837220387512
23.734879294572348
26.983131953812975
28.543222624918617
23.555133842582681
22.175658483978761
21.182488555978832
