   0.0000000000000000e+00
   0.0000000000000000e+00
   0.0000000000000000e+00
   0.0000000000000000e+00
   0.0000000000000000e+00
   0.0000000000000000e+00
   0.0000000000000000e+00
   0.0000000000000000e+00
   0.0000000000000000e+00
   0.0000000000000000e+00
   2.1817097419973172e-01
   5.3003194407828824e-01
   7.7128362299555808e-01
   9.0543653801460711e-01
   9.6555815220615826e-01
   9.8865126814704107e-01
   9.9654924062678618e-01
   9.9901704640567823e-01
   9.9973461511478157e-01
   9.9993146040007286e-01
   9.9998294246585906e-01
   9.9999588508188064e-01
   9.9999903318674133e-01
   9.9999977791002914e-01
   9.9999994996594965e-01
   9.9999998891758091e-01
   9.9999999758174019e-01
   9.9999999947932772e-01
   9.9999999988924193e-01
   9.9999999997669897e-01
   9.9999999999514821e-01
   9.9999999999899924e-01
   9.9999999999979594e-01
   9.9999999999995881e-01
   9.9999999999999201e-01
   9.9999999999999867e-01
   9.9999999999999978e-01
   1.0000000000000000e+00
   1.0000000000000000e+00
   1.0000000000000000e+00
   1.0000000000000000e+00
   1.0000000000000000e+00
   1.0000000000000000e+00
   1.0000000000000000e+00
   1.0000000000000000e+00
   1.0000000000000000e+00
   1.0000000000000000e+00
   1.0000000000000000e+00
   1.0000000000000000e+00
   1.0000000000000000e+00
   1.0000000000000000e+00
   7.8182902580026881e-01
   4.6996805592171242e-01
   2.2871637700444286e-01
   9.4563461985393990e-02
   3.4441847793842448e-02
   1.1348731852960021e-02
   3.4507593732149532e-03
   9.8295359432249807e-04
   2.6538488521906349e-04
   6.8539599927976928e-05
   1.7057534141555621e-05
   4.1149181202421310e-06
   9.6681325947408236e-07
